VERTEX_SE2 0 9.32593e-12 1.77012e-11 -1.27725e-13
VERTEX_SE2 1 8.39343e-07 4.42707e-08 -0.000642005
VERTEX_SE2 2 1.67768e-06 8.80005e-08 -0.00118001
VERTEX_SE2 3 0.0110042 -0.000974956 -0.00356202
VERTEX_SE2 4 0.641012 -0.0112001 -0.00744403
VERTEX_SE2 5 0.69602 -0.0117155 -0.098726
VERTEX_SE2 6 0.700273 -0.0154346 -0.895998
VERTEX_SE2 7 0.69396 0.00421509 -1.51154
VERTEX_SE2 8 0.699267 0.0266976 -2.12507
VERTEX_SE2 9 0.71612 0.0411277 -2.76314
VERTEX_SE2 10 0.728987 0.0432252 2.90552
VERTEX_SE2 11 0.73321 0.0405423 2.23124
VERTEX_SE2 12 0.733192 0.0415523 1.58176
VERTEX_SE2 13 0.738759 0.0590791 0.922264
VERTEX_SE2 14 0.759666 0.0737602 0.314025
VERTEX_SE2 15 0.76858 0.0743672 -0.210903
VERTEX_SE2 16 1.0625 0.0141616 -0.229595
VERTEX_SE2 17 1.66366 -0.133105 -0.260823
VERTEX_SE2 18 2.28701 -0.296471 -0.271
VERTEX_SE2 19 2.91431 -0.494245 -0.319576
VERTEX_SE2 20 3.50817 -0.689471 -0.317057
VERTEX_SE2 21 4.11016 -0.847888 -0.209162
VERTEX_SE2 22 4.71056 -0.996906 -0.194558
VERTEX_SE2 23 5.32455 -1.05068 -0.0899364
VERTEX_SE2 24 5.9366 -1.13371 -0.149161
VERTEX_SE2 25 6.54991 -1.21389 -0.14808
VERTEX_SE2 26 7.14007 -1.32384 -0.191478
VERTEX_SE2 27 7.73627 -1.42661 -0.178236
VERTEX_SE2 28 8.29898 -1.53709 -0.185076
VERTEX_SE2 29 8.65922 -1.60174 -0.156739
VERTEX_SE2 30 8.65748 -1.60129 -0.694232
VERTEX_SE2 31 8.76881 -1.76064 -0.966194
VERTEX_SE2 32 9.13117 -2.31126 -0.986902
VERTEX_SE2 33 9.49388 -2.83994 -0.942518
VERTEX_SE2 34 9.87894 -3.35093 -0.927123
VERTEX_SE2 35 10.2698 -3.85519 -0.898224
VERTEX_SE2 36 10.6635 -4.36283 -0.911425
VERTEX_SE2 37 10.9207 -4.69158 -0.908137
VERTEX_SE2 38 10.9225 -4.69535 -1.23715
VERTEX_SE2 39 10.9288 -4.74995 -1.41377
VERTEX_SE2 40 11.0302 -5.39274 -1.40044
VERTEX_SE2 41 11.1314 -6.06205 -1.43598
VERTEX_SE2 42 11.2042 -6.69702 -1.46177
VERTEX_SE2 43 11.2531 -7.36736 -1.5047
VERTEX_SE2 44 11.2808 -8.03914 -1.54395
VERTEX_SE2 45 11.2747 -8.67268 -1.60125
VERTEX_SE2 46 11.2426 -9.30804 -1.62213
VERTEX_SE2 47 11.1984 -9.94307 -1.66519
VERTEX_SE2 48 11.1285 -10.5821 -1.67286
VERTEX_SE2 49 11.0543 -11.2169 -1.72474
VERTEX_SE2 50 10.9347 -11.8184 -1.7701
VERTEX_SE2 51 10.8149 -12.4166 -1.80003
VERTEX_SE2 52 10.6526 -12.9997 -1.87759
VERTEX_SE2 53 10.4892 -13.5574 -1.86588
VERTEX_SE2 54 10.3163 -14.0695 -1.92858
VERTEX_SE2 55 10.3195 -14.0515 -1.92387
VERTEX_SE2 56 10.3105 -14.0685 -1.91388
VERTEX_SE2 57 10.0936 -14.6834 -1.92575
VERTEX_SE2 58 9.87481 -15.2866 -1.87993
VERTEX_SE2 59 9.67379 -15.8904 -1.90379
VERTEX_SE2 60 9.47223 -16.4907 -1.88258
VERTEX_SE2 61 9.26436 -17.0913 -1.93339
VERTEX_SE2 62 9.04055 -17.6555 -1.89444
VERTEX_SE2 63 8.81386 -18.2236 -1.93053
VERTEX_SE2 64 8.60504 -18.7867 -1.86749
VERTEX_SE2 65 8.39673 -19.3473 -1.91899
VERTEX_SE2 66 8.16534 -19.936 -1.92687
VERTEX_SE2 67 7.92135 -20.5274 -1.92511
VERTEX_SE2 68 7.75992 -20.9692 -1.94086
VERTEX_SE2 69 7.75972 -20.9659 -2.09577
VERTEX_SE2 70 7.76202 -20.9596 -2.77014
VERTEX_SE2 71 7.7804 -20.96 2.8704
VERTEX_SE2 72 7.7898 -20.962 2.86098
VERTEX_SE2 73 7.79461 -20.9636 2.7961
VERTEX_SE2 74 7.79453 -20.964 2.17434
VERTEX_SE2 75 7.79944 -20.9667 1.82207
VERTEX_SE2 76 7.78975 -20.9546 2.51599
VERTEX_SE2 77 7.78435 -20.9518 2.74902
VERTEX_SE2 78 7.49722 -20.9316 3.08621
VERTEX_SE2 79 6.87044 -20.904 3.08097
VERTEX_SE2 80 6.23465 -20.8345 3.00645
VERTEX_SE2 81 5.60954 -20.7407 2.98044
VERTEX_SE2 82 4.99855 -20.6401 2.92561
VERTEX_SE2 83 4.40285 -20.5301 2.90088
VERTEX_SE2 84 3.84643 -20.3903 2.82151
VERTEX_SE2 85 3.31545 -20.2349 2.82726
VERTEX_SE2 86 2.71145 -20.0512 2.73638
VERTEX_SE2 87 2.2791 -19.8749 2.68718
VERTEX_SE2 88 1.94236 -19.7129 2.65706
VERTEX_SE2 89 1.93691 -19.7103 3.05273
VERTEX_SE2 90 1.31245 -19.6458 3.02117
VERTEX_SE2 91 0.679224 -19.5723 3.06952
VERTEX_SE2 92 0.0622901 -19.5002 2.95276
VERTEX_SE2 93 -0.553598 -19.3302 2.85054
VERTEX_SE2 94 -1.16149 -19.1255 2.80629
VERTEX_SE2 95 -1.78831 -18.9615 2.94764
VERTEX_SE2 96 -2.4079 -18.8344 2.97071
VERTEX_SE2 97 -3.00606 -18.6973 2.89896
VERTEX_SE2 98 -3.59835 -18.5222 2.83985
VERTEX_SE2 99 -4.30491 -18.3091 2.88549
VERTEX_SE2 100 -4.87303 -18.1285 2.83248
VERTEX_SE2 101 -5.49581 -17.9924 2.93415
VERTEX_SE2 102 -6.09633 -17.8379 2.82883
VERTEX_SE2 103 -6.68643 -17.6499 2.92506
VERTEX_SE2 104 -7.2847 -17.5002 2.89104
VERTEX_SE2 105 -7.88484 -17.362 2.93716
VERTEX_SE2 106 -8.47306 -17.2189 2.88167
VERTEX_SE2 107 -9.07276 -17.0479 2.87704
VERTEX_SE2 108 -9.51362 -16.9433 2.93901
VERTEX_SE2 109 -9.55093 -16.9282 2.49121
VERTEX_SE2 110 -9.55981 -16.9152 1.90075
VERTEX_SE2 111 -9.55015 -16.8418 1.39569
VERTEX_SE2 112 -9.44886 -16.2211 1.45054
VERTEX_SE2 113 -9.39079 -15.6072 1.49802
VERTEX_SE2 114 -9.34855 -15 1.53525
VERTEX_SE2 115 -9.33242 -14.402 1.59742
VERTEX_SE2 116 -9.3471 -13.6919 1.64361
VERTEX_SE2 117 -9.39601 -13.1229 1.74167
VERTEX_SE2 118 -9.38655 -13.1559 1.41063
VERTEX_SE2 119 -9.2672 -12.6804 1.36008
VERTEX_SE2 120 -9.13626 -12.0699 1.45344
VERTEX_SE2 121 -9.07356 -11.4963 1.52435
VERTEX_SE2 122 -9.04471 -10.9458 1.58222
VERTEX_SE2 123 -9.04625 -10.7999 1.57105
VERTEX_SE2 124 -8.93899 -10.5889 1.15014
VERTEX_SE2 125 -8.66739 -10.0369 1.14108
VERTEX_SE2 126 -8.47836 -9.45922 1.34988
VERTEX_SE2 127 -8.31743 -8.88024 1.35058
VERTEX_SE2 128 -8.17946 -8.30044 1.38997
VERTEX_SE2 129 -8.033 -7.72454 1.36083
VERTEX_SE2 130 -7.90725 -7.15388 1.41761
VERTEX_SE2 131 -7.80528 -6.59277 1.5109
VERTEX_SE2 132 -7.73321 -6.04531 1.4662
VERTEX_SE2 133 -7.63364 -5.49972 1.43118
VERTEX_SE2 134 -7.52575 -4.92557 1.41522
VERTEX_SE2 135 -7.39276 -4.36835 1.3918
VERTEX_SE2 136 -7.26528 -3.75757 1.41447
VERTEX_SE2 137 -7.11803 -3.14776 1.37603
VERTEX_SE2 138 -6.99446 -2.54113 1.45948
VERTEX_SE2 139 -6.93502 -1.92723 1.52751
VERTEX_SE2 140 -6.92031 -1.28737 1.56067
VERTEX_SE2 141 -6.8863 -0.663449 1.51505
VERTEX_SE2 142 -6.848 -0.0298704 1.51388
VERTEX_SE2 143 -6.73152 0.591316 1.40669
VERTEX_SE2 144 -6.66861 0.946456 1.42711
VERTEX_SE2 145 -6.6536 0.950788 0.934998
VERTEX_SE2 146 -6.64219 0.944178 0.348927
VERTEX_SE2 147 -6.55973 0.934279 -0.131355
VERTEX_SE2 148 -6.10021 0.863117 -0.163947
VERTEX_SE2 149 -5.43112 0.757429 -0.135804
VERTEX_SE2 150 -4.76859 0.684014 -0.118625
VERTEX_SE2 151 -4.1006 0.630277 -0.0294415
VERTEX_SE2 152 -3.44584 0.58956 -0.0810928
VERTEX_SE2 153 -2.79262 0.557289 0.0222911
VERTEX_SE2 154 -2.14639 0.542452 -0.0369725
VERTEX_SE2 155 -1.48626 0.52016 0.00623301
VERTEX_SE2 156 -0.835929 0.522325 0.0471873
VERTEX_SE2 157 -0.248075 0.528849 -0.00567387
VERTEX_SE2 158 -0.0738915 0.527421 0.00909841
VERTEX_SE2 159 -0.0859382 0.530803 0.94879
VERTEX_SE2 160 -0.08819 0.525765 1.93448
VERTEX_SE2 161 -0.0915273 0.512614 2.86332
VERTEX_SE2 162 -0.0877648 0.513975 -2.43404
VERTEX_SE2 163 -0.0832652 0.493129 -1.48504
VERTEX_SE2 164 -0.114221 0.521456 -0.502632
VERTEX_SE2 165 0.0257804 0.505031 -0.0729242
VERTEX_SE2 166 0.690231 0.465681 -0.0601101
VERTEX_SE2 167 1.29352 0.42018 -0.0922169
VERTEX_SE2 168 1.86822 0.374025 -0.0827507
VERTEX_SE2 169 2.45157 0.30434 -0.122216
VERTEX_SE2 170 3.02583 0.236394 -0.145195
VERTEX_SE2 171 3.57795 0.1372 -0.185815
VERTEX_SE2 172 4.19379 0.0270401 -0.173832
VERTEX_SE2 173 4.81102 -0.0985441 -0.200375
VERTEX_SE2 174 5.42141 -0.220697 -0.163834
VERTEX_SE2 175 6.023 -0.322428 -0.1917
VERTEX_SE2 176 6.61134 -0.454671 -0.184928
VERTEX_SE2 177 7.22021 -0.571644 -0.215156
VERTEX_SE2 178 7.83291 -0.734126 -0.256465
VERTEX_SE2 179 8.21092 -0.823157 -0.206135
VERTEX_SE2 180 8.24171 -0.8327 -0.653725
VERTEX_SE2 181 8.67611 -1.17121 -0.708267
VERTEX_SE2 182 9.07843 -1.55695 -0.885504
VERTEX_SE2 183 9.42321 -2.01393 -0.945263
VERTEX_SE2 184 9.74217 -2.55903 -1.10111
VERTEX_SE2 185 10.0056 -3.1479 -1.2012
VERTEX_SE2 186 10.1991 -3.7931 -1.27385
VERTEX_SE2 187 10.364 -4.42156 -1.3014
VERTEX_SE2 188 10.5282 -5.07134 -1.31075
VERTEX_SE2 189 10.6794 -5.7283 -1.34073
VERTEX_SE2 190 10.8118 -6.35575 -1.37305
VERTEX_SE2 191 10.9317 -6.9836 -1.40034
VERTEX_SE2 192 11.0312 -7.60638 -1.43161
VERTEX_SE2 193 11.1027 -8.18155 -1.49009
VERTEX_SE2 194 11.1459 -8.78109 -1.51912
VERTEX_SE2 195 11.1677 -9.37834 -1.54966
VERTEX_SE2 196 11.1705 -10.0152 -1.59166
VERTEX_SE2 197 11.1439 -10.6478 -1.62017
VERTEX_SE2 198 11.1038 -11.2777 -1.67929
VERTEX_SE2 199 11.0094 -11.8964 -1.74149
VERTEX_SE2 200 10.8951 -12.5097 -1.76395
VERTEX_SE2 201 10.7558 -13.1191 -1.82108
VERTEX_SE2 202 10.6292 -13.6406 -1.80243
VERTEX_SE2 203 10.4371 -14.3871 -1.85663
VERTEX_SE2 204 10.2453 -14.967 -1.95922
VERTEX_SE2 205 10.0049 -15.5292 -1.96909
VERTEX_SE2 206 9.7811 -16.0779 -1.96755
VERTEX_SE2 207 9.549 -16.646 -1.95189
VERTEX_SE2 208 9.29912 -17.2456 -1.96151
VERTEX_SE2 209 9.06032 -17.8479 -1.92335
VERTEX_SE2 210 8.82563 -18.4366 -1.93219
VERTEX_SE2 211 8.60483 -19.0307 -1.92989
VERTEX_SE2 212 8.35679 -19.6113 -1.98271
VERTEX_SE2 213 8.0894 -20.1936 -2.00345
VERTEX_SE2 214 7.81841 -20.7616 -2.0072
VERTEX_SE2 215 7.65873 -21.0852 -2.04295
VERTEX_SE2 216 7.65851 -21.079 -2.54196
VERTEX_SE2 217 7.67356 -21.078 -3.0845
VERTEX_SE2 218 7.68013 -21.0826 -3.14045
VERTEX_SE2 219 7.1117 -20.978 2.9742
VERTEX_SE2 220 6.50059 -20.8688 2.9343
VERTEX_SE2 221 5.85579 -20.7367 2.98494
VERTEX_SE2 222 5.22005 -20.629 2.95937
VERTEX_SE2 223 4.58109 -20.5341 3.05548
VERTEX_SE2 224 3.94753 -20.4696 3.02933
VERTEX_SE2 225 3.31151 -20.3984 3.07849
VERTEX_SE2 226 2.67627 -20.3262 3.02867
VERTEX_SE2 227 2.00412 -20.3287 -3.0982
VERTEX_SE2 228 1.47668 -20.259 2.82275
VERTEX_SE2 229 1.00559 -20.1623 2.94351
VERTEX_SE2 230 0.720358 -20.1173 2.91369
VERTEX_SE2 231 0.931777 -20.1589 2.98263
VERTEX_SE2 232 0.631879 -19.9861 2.55687
VERTEX_SE2 233 0.0922721 -19.6659 2.65859
VERTEX_SE2 234 -0.463753 -19.3768 2.61375
VERTEX_SE2 235 -0.704541 -19.2428 2.60805
VERTEX_SE2 236 -1.05674 -19.202 3.01309
VERTEX_SE2 237 -1.70274 -19.1426 3.08259
VERTEX_SE2 238 -2.34613 -19.1172 3.0489
VERTEX_SE2 239 -2.9772 -19.0402 2.98021
VERTEX_SE2 240 -3.54271 -18.8542 2.76089
VERTEX_SE2 241 -4.07447 -18.6583 2.84504
VERTEX_SE2 242 -4.65421 -18.5187 2.88217
VERTEX_SE2 243 -5.25521 -18.3577 2.88018
VERTEX_SE2 244 -5.87968 -18.2331 2.95072
VERTEX_SE2 245 -6.49273 -18.107 2.8962
VERTEX_SE2 246 -7.08752 -17.9452 2.82366
VERTEX_SE2 247 -7.68237 -17.7878 2.92961
VERTEX_SE2 248 -8.22954 -17.6992 2.96185
VERTEX_SE2 249 -8.17956 -17.7138 -3.12762
VERTEX_SE2 250 -8.17643 -17.715 2.56664
VERTEX_SE2 251 -8.45318 -17.3385 2.14312
VERTEX_SE2 252 -8.75129 -16.8814 2.15248
VERTEX_SE2 253 -9.06275 -16.3971 2.14233
VERTEX_SE2 254 -9.36678 -15.9016 2.10199
VERTEX_SE2 255 -9.42358 -15.8073 2.18692
VERTEX_SE2 256 -9.41675 -15.7383 1.70669
VERTEX_SE2 257 -9.41861 -15.2362 1.58666
VERTEX_SE2 258 -9.43026 -14.6694 1.65863
VERTEX_SE2 259 -9.48136 -14.1243 1.70059
VERTEX_SE2 260 -9.52935 -13.6248 1.69382
VERTEX_SE2 261 -9.52012 -13.6274 1.38527
VERTEX_SE2 262 -9.37581 -13.0226 1.39412
VERTEX_SE2 263 -9.25794 -12.4522 1.41023
VERTEX_SE2 264 -9.16978 -11.8977 1.51087
VERTEX_SE2 265 -9.12792 -11.3485 1.53453
VERTEX_SE2 266 -9.0146 -10.8175 1.4102
VERTEX_SE2 267 -8.88253 -10.1233 1.38179
VERTEX_SE2 268 -8.68535 -9.56028 1.27309
VERTEX_SE2 269 -8.50147 -8.98947 1.30514
VERTEX_SE2 270 -8.36609 -8.41493 1.42208
VERTEX_SE2 271 -8.2092 -7.83879 1.31522
VERTEX_SE2 272 -8.06391 -7.25955 1.38442
VERTEX_SE2 273 -8.01094 -6.66473 1.59988
VERTEX_SE2 274 -8.01678 -6.08228 1.62647
VERTEX_SE2 275 -7.94796 -5.51168 1.45868
VERTEX_SE2 276 -7.88627 -4.94231 1.57669
VERTEX_SE2 277 -7.88082 -4.4149 1.55435
VERTEX_SE2 278 -7.78514 -3.81472 1.46944
VERTEX_SE2 279 -7.69053 -3.21201 1.41534
VERTEX_SE2 280 -7.56859 -2.61017 1.41913
VERTEX_SE2 281 -7.42459 -2.00322 1.3215
VERTEX_SE2 282 -7.25289 -1.39795 1.36455
VERTEX_SE2 283 -7.11662 -0.791835 1.36032
VERTEX_SE2 284 -6.95731 -0.191998 1.39188
VERTEX_SE2 285 -6.85093 0.434638 1.41686
VERTEX_SE2 286 -6.74884 1.03385 1.47471
VERTEX_SE2 287 -6.73385 1.0634 1.37504
VERTEX_SE2 288 -6.72256 1.05752 0.775895
VERTEX_SE2 289 -6.70465 1.05793 0.191738
VERTEX_SE2 290 -6.23709 1.04083 -0.0274747
VERTEX_SE2 291 -5.58729 1.02562 -0.00959931
VERTEX_SE2 292 -4.96495 0.997696 -0.0618446
VERTEX_SE2 293 -4.33135 0.946247 -0.0824225
VERTEX_SE2 294 -3.70048 0.889544 -0.0791542
VERTEX_SE2 295 -3.06561 0.806584 -0.188182
VERTEX_SE2 296 -2.42801 0.660567 -0.230319
VERTEX_SE2 297 -1.78772 0.506068 -0.2388
VERTEX_SE2 298 -1.17475 0.361063 -0.2386
VERTEX_SE2 299 -0.598676 0.213722 -0.176533
VERTEX_SE2 300 -0.00771527 0.137214 -0.133602
VERTEX_SE2 301 0.55806 0.0468858 -0.192113
VERTEX_SE2 302 0.861472 -0.0130737 -0.212469
VERTEX_SE2 303 0.843916 -0.00899024 -0.207792
VERTEX_SE2 304 1.34662 -0.11521 -0.197782
VERTEX_SE2 305 1.96808 -0.148236 -0.0133412
VERTEX_SE2 306 2.58839 -0.148626 -0.0335918
VERTEX_SE2 307 3.22045 -0.187095 -0.0724824
VERTEX_SE2 308 3.84173 -0.242008 -0.130262
VERTEX_SE2 309 4.47008 -0.295649 -0.039628
VERTEX_SE2 310 5.08885 -0.320679 -0.0775021
VERTEX_SE2 311 5.3625 -0.344226 0.0950459
VERTEX_SE2 312 5.34546 -0.354595 1.07726
VERTEX_SE2 313 5.34853 -0.160694 1.56921
VERTEX_SE2 314 5.33128 0.444169 1.60704
VERTEX_SE2 315 5.3052 1.04783 1.60087
VERTEX_SE2 316 5.27035 1.69165 1.65053
VERTEX_SE2 317 5.21531 2.33207 1.65896
VERTEX_SE2 318 5.12383 2.96783 1.75175
VERTEX_SE2 319 5.04911 3.31286 1.82144
VERTEX_SE2 320 5.05196 3.32095 2.78446
VERTEX_SE2 321 5.05144 3.3208 -2.46489
VERTEX_SE2 322 5.05209 3.32182 -1.47431
VERTEX_SE2 323 5.06759 3.30634 -0.487493
VERTEX_SE2 324 5.08069 3.30058 0.168454
VERTEX_SE2 325 5.09119 3.30102 -0.362532
VERTEX_SE2 326 5.11257 3.28371 -0.961355
VERTEX_SE2 327 5.11556 3.26504 -1.58847
VERTEX_SE2 328 5.07026 2.62792 -1.63659
VERTEX_SE2 329 5.01958 1.99438 -1.70266
VERTEX_SE2 330 4.93099 1.37712 -1.73228
VERTEX_SE2 331 4.83609 0.762503 -1.7572
VERTEX_SE2 332 4.71126 0.153272 -1.78657
VERTEX_SE2 333 4.67597 -0.0011315 -1.73339
VERTEX_SE2 334 4.71125 0.00777051 -0.720616
VERTEX_SE2 335 4.77351 -0.00303982 0.234284
VERTEX_SE2 336 4.81836 0.0169922 1.14113
VERTEX_SE2 337 4.82092 0.0420524 2.0845
VERTEX_SE2 338 4.81693 0.0446218 3.06704
VERTEX_SE2 339 4.82636 0.0509648 -2.17361
VERTEX_SE2 340 4.82673 0.0492105 -1.16099
VERTEX_SE2 341 4.93874 -0.019125 -0.531869
VERTEX_SE2 342 5.50844 -0.329086 -0.431847
VERTEX_SE2 343 6.07968 -0.534958 -0.300699
VERTEX_SE2 344 6.66167 -0.723189 -0.310469
VERTEX_SE2 345 6.8946 -0.79501 -0.337673
VERTEX_SE2 346 6.87617 -0.788709 -0.98424
VERTEX_SE2 347 6.8775 -0.877269 -1.54228
VERTEX_SE2 348 6.88724 -1.46821 -1.55871
VERTEX_SE2 349 6.87623 -2.08797 -1.59866
VERTEX_SE2 350 6.85157 -2.87623 -1.618
VERTEX_SE2 351 6.8333 -3.1504 -1.64666
VERTEX_SE2 352 6.83104 -3.16048 -1.93398
VERTEX_SE2 353 6.81673 -3.17749 -2.59775
VERTEX_SE2 354 6.79756 -3.18263 3.08357
VERTEX_SE2 355 6.77166 -3.18124 2.36434
VERTEX_SE2 356 6.76476 -3.16849 1.79056
VERTEX_SE2 357 6.76748 -3.15393 1.13911
VERTEX_SE2 358 6.76647 -3.15533 0.525201
VERTEX_SE2 359 6.74972 -3.1621 -0.0872812
VERTEX_SE2 360 6.7297 -3.15769 -0.262762
VERTEX_SE2 361 6.71613 -3.16089 0.658799
VERTEX_SE2 362 6.80538 -2.93379 1.19388
VERTEX_SE2 363 6.91321 -2.67002 1.18795
VERTEX_SE2 364 6.85138 -2.33127 1.80387
VERTEX_SE2 365 6.80255 -2.0399 1.30783
VERTEX_SE2 366 6.91151 -1.92246 0.754851
VERTEX_SE2 367 7.36495 -1.5015 0.757349
VERTEX_SE2 368 7.83269 -1.07698 0.708805
VERTEX_SE2 369 7.8528 -1.05413 0.455911
VERTEX_SE2 370 7.87648 -1.05112 -0.133266
VERTEX_SE2 371 7.8833 -1.05494 -0.68086
VERTEX_SE2 372 8.30129 -1.41768 -0.709058
VERTEX_SE2 373 8.76222 -1.79829 -0.707551
VERTEX_SE2 374 9.2281 -2.21765 -0.769254
VERTEX_SE2 375 9.56057 -2.53406 -0.806228
VERTEX_SE2 376 9.55346 -2.52923 -0.130065
VERTEX_SE2 377 9.59971 -2.50026 0.546573
VERTEX_SE2 378 10.1563 -2.14533 0.592992
VERTEX_SE2 379 10.6641 -1.75669 0.669516
VERTEX_SE2 380 11.1397 -1.33121 0.779977
VERTEX_SE2 381 11.301 -1.16668 0.920488
VERTEX_SE2 382 11.304 -1.1629 1.94053
VERTEX_SE2 383 11.3018 -1.16148 2.94731
VERTEX_SE2 384 11.3017 -1.16117 -2.35268
VERTEX_SE2 385 11.2977 -1.16594 -1.3018
VERTEX_SE2 386 11.3919 -1.30709 -1.06923
VERTEX_SE2 387 11.8213 -1.75498 -0.728465
VERTEX_SE2 388 12.3386 -2.19462 -0.731799
VERTEX_SE2 389 12.8234 -2.66206 -0.828067
VERTEX_SE2 390 12.9073 -2.742 -0.379145
VERTEX_SE2 391 12.7877 -2.72419 -0.022221
VERTEX_SE2 392 12.8012 -2.72226 0.968461
VERTEX_SE2 393 12.8087 -2.7452 2.15833
VERTEX_SE2 394 12.8359 -2.75726 3.10259
VERTEX_SE2 395 13.0677 -2.69865 -2.8653
VERTEX_SE2 396 13.0603 -2.70187 -2.87763
VERTEX_SE2 397 13.0684 -2.70283 -2.90107
VERTEX_SE2 398 13.0497 -2.71034 -2.72146
VERTEX_SE2 399 12.9277 -2.80544 -2.44375
VERTEX_SE2 400 12.4022 -3.25026 -2.40757
VERTEX_SE2 401 11.9263 -3.64556 -2.50268
VERTEX_SE2 402 11.3631 -3.91826 -2.7734
VERTEX_SE2 403 10.783 -4.13586 -2.80989
VERTEX_SE2 404 10.2295 -4.30863 -2.89159
VERTEX_SE2 405 10.2401 -4.30396 -2.36312
VERTEX_SE2 406 10.2447 -4.27806 -1.39384
VERTEX_SE2 407 10.3432 -4.61049 -1.26883
VERTEX_SE2 408 10.5149 -5.18661 -1.30947
VERTEX_SE2 409 10.5787 -5.4607 -1.4121
VERTEX_SE2 410 10.5789 -5.4453 -2.04663
VERTEX_SE2 411 10.5899 -5.42696 -2.64228
VERTEX_SE2 412 10.0739 -5.59465 -2.84891
VERTEX_SE2 413 9.47466 -5.75334 -2.93143
VERTEX_SE2 414 8.8703 -5.90009 -2.83077
VERTEX_SE2 415 8.24839 -6.09193 -2.82374
VERTEX_SE2 416 7.95219 -6.19769 -2.87893
VERTEX_SE2 417 7.66424 -6.1606 2.97982
VERTEX_SE2 418 7.23247 -6.08541 2.93464
VERTEX_SE2 419 7.23608 -6.0847 -2.91756
VERTEX_SE2 420 7.29038 -6.06496 -2.7014
VERTEX_SE2 421 7.28934 -6.06454 -1.7337
VERTEX_SE2 422 7.28178 -6.07185 -0.494433
VERTEX_SE2 423 7.28749 -6.07313 -0.14881
VERTEX_SE2 424 7.28759 -6.07387 -0.148261
VERTEX_SE2 425 7.27751 -6.07788 -0.136352
VERTEX_SE2 426 7.2774 -6.07857 -0.145295
VERTEX_SE2 427 7.3097 -6.08321 -0.141995
VERTEX_SE2 428 7.96808 -6.16101 -0.147328
VERTEX_SE2 429 8.60677 -6.26557 -0.18795
VERTEX_SE2 430 8.94453 -6.33578 -0.233884
VERTEX_SE2 431 8.92299 -6.33162 -0.181805
VERTEX_SE2 432 8.93659 -6.33845 -0.813451
VERTEX_SE2 433 8.94327 -6.35205 -1.49068
VERTEX_SE2 434 8.85683 -6.89116 -1.71883
VERTEX_SE2 435 8.76535 -7.53428 -1.7471
VERTEX_SE2 436 8.62799 -8.17009 -1.75586
VERTEX_SE2 437 8.51525 -8.81823 -1.74789
VERTEX_SE2 438 8.42229 -9.27832 -1.77756
VERTEX_SE2 439 8.42121 -9.28273 -2.21185
VERTEX_SE2 440 8.42845 -9.27783 -2.85282
VERTEX_SE2 441 8.44354 -9.27696 2.81046
VERTEX_SE2 442 8.44888 -9.27926 2.18321
VERTEX_SE2 443 8.44969 -9.27833 1.61832
VERTEX_SE2 444 8.4552 -9.26097 1.02882
VERTEX_SE2 445 8.46128 -9.25602 0.372851
VERTEX_SE2 446 8.45934 -9.25671 0.575489
VERTEX_SE2 447 8.47393 -9.23415 1.20905
VERTEX_SE2 448 8.67853 -8.62535 1.22696
VERTEX_SE2 449 8.86722 -8.00046 1.32875
VERTEX_SE2 450 9.01708 -7.3714 1.34278
VERTEX_SE2 451 9.11133 -6.90454 1.38566
VERTEX_SE2 452 9.11257 -6.90115 1.00799
VERTEX_SE2 453 9.10991 -6.90555 0.386236
VERTEX_SE2 454 9.36966 -6.90735 -0.0354582
VERTEX_SE2 455 9.96843 -6.93453 -0.0564729
VERTEX_SE2 456 10.5992 -6.9849 -0.121519
VERTEX_SE2 457 10.951 -7.03837 -0.209696
VERTEX_SE2 458 10.9503 -7.03874 -0.856621
VERTEX_SE2 459 10.9452 -7.01393 -1.4658
VERTEX_SE2 460 10.8865 -7.41966 -1.7234
VERTEX_SE2 461 10.7596 -8.03821 -1.81179
VERTEX_SE2 462 10.6228 -8.54796 -1.85221
VERTEX_SE2 463 10.6302 -8.5343 -1.01324
VERTEX_SE2 464 10.8808 -8.63176 -0.336187
VERTEX_SE2 465 11.4526 -8.8201 -0.328794
VERTEX_SE2 466 11.9928 -9.02432 -0.384791
VERTEX_SE2 467 12.5477 -9.26124 -0.428572
VERTEX_SE2 468 13.1396 -9.53646 -0.463892
VERTEX_SE2 469 13.7041 -9.85659 -0.546584
VERTEX_SE2 470 14.1362 -10.1139 -0.527463
VERTEX_SE2 471 14.144 -10.1191 -0.726922
VERTEX_SE2 472 14.1591 -10.1451 -1.35877
VERTEX_SE2 473 14.1599 -10.1535 -1.99854
VERTEX_SE2 474 14.1568 -10.1565 -2.62906
VERTEX_SE2 475 14.1578 -10.1563 3.08046
VERTEX_SE2 476 14.1591 -10.1565 2.42937
VERTEX_SE2 477 14.1629 -10.1663 1.86995
VERTEX_SE2 478 14.1626 -10.1774 1.24301
VERTEX_SE2 479 14.1604 -10.181 0.788799
VERTEX_SE2 480 14.1598 -10.1818 1.35093
VERTEX_SE2 481 14.1576 -10.1669 2.3531
VERTEX_SE2 482 14.1613 -10.1687 2.68928
VERTEX_SE2 483 14.167 -10.1714 2.68391
VERTEX_SE2 484 13.7567 -9.97287 2.71944
VERTEX_SE2 485 13.1775 -9.7278 2.71706
VERTEX_SE2 486 12.5982 -9.45862 2.72651
VERTEX_SE2 487 12.0067 -9.22152 2.75468
VERTEX_SE2 488 11.4132 -8.98228 2.79068
VERTEX_SE2 489 10.9538 -8.8298 2.82097
VERTEX_SE2 490 10.9555 -8.82937 -2.97739
VERTEX_SE2 491 10.9585 -8.82483 -2.04175
VERTEX_SE2 492 10.9177 -9.05902 -1.73893
VERTEX_SE2 493 10.7954 -9.66179 -1.79412
VERTEX_SE2 494 10.6468 -10.2693 -1.85517
VERTEX_SE2 495 10.5098 -10.9 -1.74917
VERTEX_SE2 496 10.3982 -11.5324 -1.63243
VERTEX_SE2 497 10.3245 -12.1591 -1.7192
VERTEX_SE2 498 10.1862 -12.7874 -1.82155
VERTEX_SE2 499 9.9821 -13.4179 -1.83884
VERTEX_SE2 500 9.9789 -13.9942 -1.51007
VERTEX_SE2 501 9.9927 -14.5959 -1.58324
VERTEX_SE2 502 9.94188 -15.3087 -1.66878
VERTEX_SE2 503 9.88687 -15.7707 -1.68674
VERTEX_SE2 504 9.88179 -15.7772 -0.826714
VERTEX_SE2 505 10.1157 -15.8288 -0.204662
VERTEX_SE2 506 10.6931 -15.9697 -0.358152
VERTEX_SE2 507 11.2529 -16.1987 -0.437533
VERTEX_SE2 508 11.7971 -16.469 -0.451534
VERTEX_SE2 509 12.3899 -16.7648 -0.507896
VERTEX_SE2 510 12.7278 -16.9594 -0.52223
VERTEX_SE2 511 12.7273 -16.9433 0.353408
VERTEX_SE2 512 12.7489 -16.9062 1.55362
VERTEX_SE2 513 12.7461 -16.896 2.50964
VERTEX_SE2 514 12.6792 -16.8696 2.73541
VERTEX_SE2 515 12.0872 -16.6271 2.7361
VERTEX_SE2 516 11.5221 -16.3739 2.75157
VERTEX_SE2 517 10.9446 -16.1654 2.77932
VERTEX_SE2 518 10.3678 -15.9536 2.80324
VERTEX_SE2 519 9.85879 -15.776 2.78711
VERTEX_SE2 520 9.69421 -15.7144 -3.09826
VERTEX_SE2 521 9.71512 -15.6946 -2.0945
VERTEX_SE2 522 9.60841 -16.0825 -1.83077
VERTEX_SE2 523 9.44255 -16.7064 -1.83862
VERTEX_SE2 524 9.26823 -17.284 -1.88089
VERTEX_SE2 525 9.09699 -17.8299 -1.85742
VERTEX_SE2 526 8.91008 -18.4015 -1.91632
VERTEX_SE2 527 8.68902 -18.9812 -1.95112
VERTEX_SE2 528 8.43271 -19.5464 -2.02704
VERTEX_SE2 529 8.14724 -20.1363 -2.0556
VERTEX_SE2 530 7.8259 -20.7205 -2.08588
VERTEX_SE2 531 7.48371 -21.2784 -2.16584
VERTEX_SE2 532 7.35397 -21.4667 -2.11536
VERTEX_SE2 533 7.3529 -21.4543 -1.11603
VERTEX_SE2 534 7.35358 -21.4549 -0.449385
VERTEX_SE2 535 7.35724 -21.4557 -0.449903
VERTEX_SE2 536 7.7048 -21.5777 -0.31938
VERTEX_SE2 537 8.29505 -21.7908 -0.377548
VERTEX_SE2 538 8.83634 -22.0198 -0.404828
VERTEX_SE2 539 9.42122 -22.2938 -0.469775
VERTEX_SE2 540 9.98004 -22.6096 -0.562856
VERTEX_SE2 541 10.5419 -22.9005 -0.400762
VERTEX_SE2 542 11.1569 -23.1103 -0.34524
VERTEX_SE2 543 11.2753 -23.154 -0.375078
VERTEX_SE2 544 11.2969 -23.1543 0.261645
VERTEX_SE2 545 11.3246 -23.115 1.32773
VERTEX_SE2 546 11.3372 -23.1624 2.15451
VERTEX_SE2 547 11.3453 -23.1628 -3.10725
VERTEX_SE2 548 11.3594 -23.156 -2.18457
VERTEX_SE2 549 11.3623 -23.1455 -1.37818
VERTEX_SE2 550 11.3635 -23.1245 -1.85821
VERTEX_SE2 551 11.3739 -23.1086 -2.48481
VERTEX_SE2 552 11.3933 -23.1017 -3.11753
VERTEX_SE2 553 11.2624 -23.0344 2.58807
VERTEX_SE2 554 10.703 -22.6856 2.55243
VERTEX_SE2 555 10.1553 -22.3472 2.64111
VERTEX_SE2 556 9.57664 -22.0624 2.776
VERTEX_SE2 557 8.99364 -21.8249 2.73513
VERTEX_SE2 558 8.43289 -21.6038 2.81646
VERTEX_SE2 559 8.4391 -21.6065 2.41001
VERTEX_SE2 560 8.436 -21.6023 1.90965
VERTEX_SE2 561 8.42007 -21.5848 2.41542
VERTEX_SE2 562 8.23285 -21.5633 3.05948
VERTEX_SE2 563 7.66587 -21.422 2.86789
VERTEX_SE2 564 7.06596 -21.2642 2.91677
VERTEX_SE2 565 6.46151 -21.1286 2.85316
VERTEX_SE2 566 6.50952 -21.1495 -2.65984
VERTEX_SE2 567 6.4479 -21.1481 -1.84003
VERTEX_SE2 568 6.3378 -21.6657 -1.78059
VERTEX_SE2 569 6.22568 -22.2339 -1.82046
VERTEX_SE2 570 6.09898 -22.7993 -1.81509
VERTEX_SE2 571 6.00683 -23.157 -1.86764
VERTEX_SE2 572 5.99468 -23.1637 -2.11786
VERTEX_SE2 573 5.95279 -23.2339 -1.84909
VERTEX_SE2 574 5.98595 -23.2957 -0.925589
VERTEX_SE2 575 6.07089 -23.3337 0.0496258
VERTEX_SE2 576 6.06765 -23.3304 1.07391
VERTEX_SE2 577 6.06192 -23.3126 2.04281
VERTEX_SE2 578 6.0547 -23.2806 1.67711
VERTEX_SE2 579 5.9904 -22.6181 1.69127
VERTEX_SE2 580 5.88863 -21.9639 1.76543
VERTEX_SE2 581 5.75336 -21.3219 1.80686
VERTEX_SE2 582 5.59035 -20.6859 1.84902
VERTEX_SE2 583 5.48983 -20.3647 1.92734
VERTEX_SE2 584 5.48452 -20.3528 2.7681
VERTEX_SE2 585 4.90883 -20.1498 2.88537
VERTEX_SE2 586 4.31527 -20.011 2.98194
VERTEX_SE2 587 3.68952 -19.9332 3.0065
VERTEX_SE2 588 3.05458 -19.8385 3.01014
VERTEX_SE2 589 2.50691 -19.8045 3.08125
VERTEX_SE2 590 1.94694 -19.7865 -3.13739
VERTEX_SE2 591 1.39534 -19.8025 3.14019
VERTEX_SE2 592 0.834817 -19.8108 3.13382
VERTEX_SE2 593 0.647589 -19.8106 -2.9492
VERTEX_SE2 594 0.651138 -19.8066 -1.98945
VERTEX_SE2 595 0.484465 -20.4018 -1.76247
VERTEX_SE2 596 0.373135 -21.0187 -1.7896
VERTEX_SE2 597 0.215293 -21.6813 -1.83361
VERTEX_SE2 598 0.0502897 -22.2705 -1.87643
VERTEX_SE2 599 -0.077972 -22.6406 -1.94327
VERTEX_SE2 600 -0.0796502 -22.6559 -1.13838
VERTEX_SE2 601 -0.0507303 -22.678 -0.122083
VERTEX_SE2 602 -0.0250951 -22.6702 0.890061
VERTEX_SE2 603 -0.0344032 -22.4291 1.66104
VERTEX_SE2 604 -0.0277743 -21.8086 1.41599
VERTEX_SE2 605 0.0526188 -21.1627 1.49768
VERTEX_SE2 606 0.0843368 -20.5111 1.5389
VERTEX_SE2 607 0.161576 -19.9235 1.45693
VERTEX_SE2 608 0.192097 -19.5365 1.50052
VERTEX_SE2 609 0.190448 -19.513 1.8354
VERTEX_SE2 610 0.175242 -19.5051 2.76505
VERTEX_SE2 611 -0.409172 -19.28 2.76725
VERTEX_SE2 612 -0.87251 -19.0848 2.76929
VERTEX_SE2 613 -0.846474 -19.096 -3.05175
VERTEX_SE2 614 -0.845866 -19.095 -2.01695
VERTEX_SE2 615 -0.896367 -19.5792 -1.71368
VERTEX_SE2 616 -0.971379 -20.1987 -1.76564
VERTEX_SE2 617 -1.19091 -20.7795 -1.98667
VERTEX_SE2 618 -1.44601 -21.3615 -1.97899
VERTEX_SE2 619 -1.68938 -21.9101 -1.98254
VERTEX_SE2 620 -1.95851 -22.4618 -2.081
VERTEX_SE2 621 -1.78991 -22.1589 -2.13476
VERTEX_SE2 622 -1.6394 -21.9286 -2.21221
VERTEX_SE2 623 -1.66353 -21.9524 -2.75424
VERTEX_SE2 624 -1.76861 -21.9347 2.88073
VERTEX_SE2 625 -1.87265 -21.8715 2.21644
VERTEX_SE2 626 -1.92689 -21.7829 1.59286
VERTEX_SE2 627 -1.793 -21.4284 1.17753
VERTEX_SE2 628 -1.51275 -20.8465 1.07347
VERTEX_SE2 629 -1.23718 -20.2632 1.14117
VERTEX_SE2 630 -1.0064 -19.6884 1.22245
VERTEX_SE2 631 -0.838165 -19.1774 1.23903
VERTEX_SE2 632 -0.833466 -19.1646 1.90539
VERTEX_SE2 633 -0.907731 -19.1454 3.03275
VERTEX_SE2 634 -1.58649 -19.0857 3.06947
VERTEX_SE2 635 -2.24169 -19.0091 2.94497
VERTEX_SE2 636 -2.86829 -18.9049 2.93512
VERTEX_SE2 637 -3.46137 -18.7675 2.84408
VERTEX_SE2 638 -3.84515 -18.6424 2.81345
VERTEX_SE2 639 -4.44937 -18.4686 2.89219
VERTEX_SE2 640 -5.05548 -18.2876 2.82231
VERTEX_SE2 641 -5.64524 -18.1058 2.81185
VERTEX_SE2 642 -6.20064 -17.902 2.76387
VERTEX_SE2 643 -6.67041 -17.698 2.6788
VERTEX_SE2 644 -6.66746 -17.6976 -2.89573
VERTEX_SE2 645 -6.75302 -17.8555 -2.00645
VERTEX_SE2 646 -6.94543 -18.4591 -1.71372
VERTEX_SE2 647 -6.95977 -19.1037 -1.42735
VERTEX_SE2 648 -6.79687 -19.7401 -1.26298
VERTEX_SE2 649 -6.68116 -20.3472 -1.60292
VERTEX_SE2 650 -6.84387 -20.9698 -1.86225
VERTEX_SE2 651 -6.87624 -21.1168 -1.06676
VERTEX_SE2 652 -6.8421 -21.1361 -0.0462767
VERTEX_SE2 653 -6.81 -21.1126 0.979407
VERTEX_SE2 654 -6.78647 -20.8148 1.48967
VERTEX_SE2 655 -6.73507 -20.2612 1.4833
VERTEX_SE2 656 -6.66635 -19.6608 1.46922
VERTEX_SE2 657 -6.70342 -19.0339 1.74341
VERTEX_SE2 658 -6.81846 -18.4028 1.73561
VERTEX_SE2 659 -6.87286 -17.9038 1.66372
VERTEX_SE2 660 -6.873 -17.8945 2.26223
VERTEX_SE2 661 -7.04652 -17.8541 2.91393
VERTEX_SE2 662 -7.62851 -17.7231 2.98279
VERTEX_SE2 663 -8.21406 -17.6656 3.08301
VERTEX_SE2 664 -8.22022 -17.6632 -2.68226
VERTEX_SE2 665 -8.24654 -17.7577 -1.83382
VERTEX_SE2 666 -8.38682 -18.3526 -1.79575
VERTEX_SE2 667 -8.50731 -18.9075 -1.79028
VERTEX_SE2 668 -8.63674 -19.4891 -1.76365
VERTEX_SE2 669 -8.75436 -20.1045 -1.78797
VERTEX_SE2 670 -8.92094 -20.7056 -1.84663
VERTEX_SE2 671 -8.99963 -20.9883 -1.79085
VERTEX_SE2 672 -8.83261 -20.4166 -1.87908
VERTEX_SE2 673 -8.73573 -20.1534 -2.00866
VERTEX_SE2 674 -8.71365 -20.1347 -2.65489
VERTEX_SE2 675 -8.67637 -20.1309 3.02151
VERTEX_SE2 676 -8.66177 -20.1416 2.40005
VERTEX_SE2 677 -8.65431 -20.1544 1.78606
VERTEX_SE2 678 -8.60319 -19.9327 1.34166
VERTEX_SE2 679 -8.48064 -19.3583 1.40515
VERTEX_SE2 680 -8.46372 -18.9077 1.75148
VERTEX_SE2 681 -8.55766 -18.3149 1.71858
VERTEX_SE2 682 -8.6668 -17.7047 1.76052
VERTEX_SE2 683 -8.72611 -17.4244 1.9126
VERTEX_SE2 684 -8.68583 -17.4768 2.9911
VERTEX_SE2 685 -9.10833 -17.5907 -2.84848
VERTEX_SE2 686 -9.57097 -17.6753 -2.99275
VERTEX_SE2 687 -10.1819 -17.7572 -3.02777
VERTEX_SE2 688 -10.7924 -17.8077 -3.03956
VERTEX_SE2 689 -11.3716 -17.881 -3.01191
VERTEX_SE2 690 -11.926 -17.9875 -2.93776
VERTEX_SE2 691 -12.3357 -18.0729 -2.96581
VERTEX_SE2 692 -12.3212 -18.0684 -2.43168
VERTEX_SE2 693 -12.3078 -18.1385 -1.3918
VERTEX_SE2 694 -12.2932 -18.2085 -0.55675
VERTEX_SE2 695 -12.2745 -18.2055 0.243084
VERTEX_SE2 696 -12.2683 -18.2025 1.26834
VERTEX_SE2 697 -12.284 -18.2385 1.01523
VERTEX_SE2 698 -11.9305 -18.0694 0.360308
VERTEX_SE2 699 -11.3322 -17.824 0.474285
VERTEX_SE2 700 -10.7781 -17.5241 0.52776
VERTEX_SE2 701 -10.303 -17.214 0.586871
VERTEX_SE2 702 -9.78838 -16.9566 0.471649
VERTEX_SE2 703 -9.23822 -16.682 0.505848
VERTEX_SE2 704 -8.70129 -16.3597 0.523967
VERTEX_SE2 705 -8.14365 -16.0026 0.594519
VERTEX_SE2 706 -7.67925 -15.7383 0.325667
VERTEX_SE2 707 -7.65441 -15.7401 -0.195213
VERTEX_SE2 708 -7.64362 -15.748 -0.835023
VERTEX_SE2 709 -7.67544 -15.7037 -1.16706
VERTEX_SE2 710 -7.67687 -15.6965 -1.72895
VERTEX_SE2 711 -7.66631 -15.7083 -2.3267
VERTEX_SE2 712 -7.64719 -15.6975 -2.88799
VERTEX_SE2 713 -8.12373 -15.6897 3.10992
VERTEX_SE2 714 -8.66991 -15.597 2.91258
VERTEX_SE2 715 -9.28833 -15.4837 3.01645
VERTEX_SE2 716 -9.91621 -15.3845 2.87867
VERTEX_SE2 717 -10.525 -15.2415 2.96362
VERTEX_SE2 718 -11.2674 -15.0312 2.78844
VERTEX_SE2 719 -11.8653 -14.842 2.86304
VERTEX_SE2 720 -12.4595 -14.6562 2.80394
VERTEX_SE2 721 -13.0582 -14.4665 2.87224
VERTEX_SE2 722 -13.0725 -14.4625 2.93902
VERTEX_SE2 723 -13.0994 -14.4849 -2.25366
VERTEX_SE2 724 -13.1051 -14.5363 -1.18418
VERTEX_SE2 725 -13.076 -14.5609 -0.54955
VERTEX_SE2 726 -12.751 -14.5964 -0.0951521
VERTEX_SE2 727 -12.1117 -14.6358 -0.0642947
VERTEX_SE2 728 -11.4713 -14.6897 -0.0627743
VERTEX_SE2 729 -10.8294 -14.707 -0.00495403
VERTEX_SE2 730 -10.1987 -14.6909 0.0327491
VERTEX_SE2 731 -9.54102 -14.6718 0.0455216
VERTEX_SE2 732 -9.39759 -14.6619 0.493314
VERTEX_SE2 733 -9.38094 -14.6883 1.49219
VERTEX_SE2 734 -9.37034 -14.1584 1.57097
VERTEX_SE2 735 -9.35709 -13.5822 1.53956
VERTEX_SE2 736 -9.35308 -13.6018 2.14061
VERTEX_SE2 737 -9.33833 -13.6052 2.94331
VERTEX_SE2 738 -9.90355 -13.5035 2.96291
VERTEX_SE2 739 -10.4844 -13.3462 2.90577
VERTEX_SE2 740 -10.9736 -13.2536 2.96945
VERTEX_SE2 741 -10.9487 -13.2566 2.60129
VERTEX_SE2 742 -10.9307 -13.269 1.94951
VERTEX_SE2 743 -10.9234 -13.2911 1.33367
VERTEX_SE2 744 -10.92 -13.2949 0.795211
VERTEX_SE2 745 -10.9069 -13.2927 0.202713
VERTEX_SE2 746 -10.3611 -13.3698 -0.271144
VERTEX_SE2 747 -9.71882 -13.5547 -0.3058
VERTEX_SE2 748 -9.14581 -13.7609 -0.373399
VERTEX_SE2 749 -9.05243 -13.7939 0.0571556
VERTEX_SE2 750 -9.05044 -13.7989 0.986746
VERTEX_SE2 751 -9.05265 -13.5537 1.62884
VERTEX_SE2 752 -9.04611 -12.9542 1.52631
VERTEX_SE2 753 -9.01942 -12.341 1.59028
VERTEX_SE2 754 -8.96436 -11.7289 1.42909
VERTEX_SE2 755 -8.88903 -11.1133 1.51624
VERTEX_SE2 756 -8.79642 -10.4992 1.33848
VERTEX_SE2 757 -8.66534 -9.88456 1.44933
VERTEX_SE2 758 -8.63433 -9.31046 1.58866
VERTEX_SE2 759 -8.57369 -8.77606 1.4629
VERTEX_SE2 760 -8.54657 -8.23463 1.55502
VERTEX_SE2 761 -8.53997 -8.2695 1.71361
VERTEX_SE2 762 -8.56433 -8.25691 2.6512
VERTEX_SE2 763 -9.1302 -8.1332 2.94238
VERTEX_SE2 764 -9.54294 -8.04589 2.91375
VERTEX_SE2 765 -9.5321 -8.04753 -2.73278
VERTEX_SE2 766 -9.53745 -8.07907 -1.73656
VERTEX_SE2 767 -9.52046 -8.11461 -0.809515
VERTEX_SE2 768 -9.49101 -8.11894 -0.0901761
VERTEX_SE2 769 -8.8516 -8.06909 0.0654654
VERTEX_SE2 770 -8.1957 -8.05052 -0.00264601
VERTEX_SE2 771 -8.10768 -8.05009 0.555769
VERTEX_SE2 772 -8.10755 -8.06577 1.42038
VERTEX_SE2 773 -8.04355 -7.51583 1.50522
VERTEX_SE2 774 -8.0157 -6.99494 1.52647
VERTEX_SE2 775 -8.00575 -7.024 2.3686
VERTEX_SE2 776 -8.20909 -6.9855 2.98382
VERTEX_SE2 777 -8.81641 -6.90216 3.04184
VERTEX_SE2 778 -9.42657 -6.8494 3.01988
VERTEX_SE2 779 -10.0232 -6.78418 3.03571
VERTEX_SE2 780 -10.2134 -6.75324 2.90269
VERTEX_SE2 781 -10.1989 -6.7599 2.32384
VERTEX_SE2 782 -10.3034 -6.4733 1.88986
VERTEX_SE2 783 -10.4863 -5.87427 1.88716
VERTEX_SE2 784 -10.5652 -5.63393 1.86368
VERTEX_SE2 785 -10.5621 -5.59692 1.30671
VERTEX_SE2 786 -10.5442 -5.55642 0.713166
VERTEX_SE2 787 -10.5084 -5.52789 0.217894
VERTEX_SE2 788 -10.4662 -5.53579 -0.416753
VERTEX_SE2 789 -10.453 -5.54848 -0.973723
VERTEX_SE2 790 -10.1948 -5.97784 -1.0433
VERTEX_SE2 791 -9.84984 -6.50664 -0.947251
VERTEX_SE2 792 -9.63589 -6.75093 -0.249102
VERTEX_SE2 793 -9.04799 -6.87644 -0.19786
VERTEX_SE2 794 -8.43236 -6.979 -0.119821
VERTEX_SE2 795 -8.47027 -7.00311 0.321571
VERTEX_SE2 796 -8.4934 -7.00991 0.996955
VERTEX_SE2 797 -8.38507 -6.71316 1.26645
VERTEX_SE2 798 -8.19319 -6.10244 1.32306
VERTEX_SE2 799 -8.05103 -5.46712 1.39538
VERTEX_SE2 800 -7.9455 -4.82533 1.47491
VERTEX_SE2 801 -7.91122 -4.19836 1.5623
VERTEX_SE2 802 -7.92179 -3.57406 1.62133
VERTEX_SE2 803 -7.86092 -2.95293 1.45821
VERTEX_SE2 804 -7.79822 -2.33328 1.51532
VERTEX_SE2 805 -7.79 -1.70566 1.5928
VERTEX_SE2 806 -7.8114 -1.10757 1.63528
VERTEX_SE2 807 -7.82944 -0.900888 1.92075
VERTEX_SE2 808 -7.8328 -0.900892 2.86334
VERTEX_SE2 809 -8.42168 -0.833659 3.00599
VERTEX_SE2 810 -9.03288 -0.668252 2.86393
VERTEX_SE2 811 -9.62591 -0.514801 2.85921
VERTEX_SE2 812 -9.63049 -0.513676 -2.69629
VERTEX_SE2 813 -9.63155 -0.517494 -1.72616
VERTEX_SE2 814 -9.63428 -0.514653 -0.739182
VERTEX_SE2 815 -9.61563 -0.522693 0.175157
VERTEX_SE2 816 -9.59559 -0.514691 0.852416
VERTEX_SE2 817 -9.57207 -0.503598 0.17986
VERTEX_SE2 818 -9.35523 -0.558436 -0.312146
VERTEX_SE2 819 -8.78081 -0.743035 -0.29959
VERTEX_SE2 820 -8.20482 -0.932778 -0.342515
VERTEX_SE2 821 -7.67678 -1.11761 -0.328401
VERTEX_SE2 822 -7.67273 -1.11814 0.407263
VERTEX_SE2 823 -7.6635 -1.08496 1.29574
VERTEX_SE2 824 -7.49372 -0.512934 1.23355
VERTEX_SE2 825 -7.26156 0.0433756 1.21927
VERTEX_SE2 826 -7.11549 0.633067 1.40158
VERTEX_SE2 827 -6.97631 1.21596 1.36841
VERTEX_SE2 828 -6.85489 1.81087 1.41881
VERTEX_SE2 829 -6.74786 2.40487 1.38119
VERTEX_SE2 830 -6.628 3.00272 1.37478
VERTEX_SE2 831 -6.49273 3.56654 1.32995
VERTEX_SE2 832 -6.36345 4.11672 1.3281
VERTEX_SE2 833 -6.30228 4.36231 1.46792
VERTEX_SE2 834 -6.30492 4.37761 2.52968
VERTEX_SE2 835 -6.35073 4.38495 -2.97054
VERTEX_SE2 836 -6.38347 4.35882 -2.02112
VERTEX_SE2 837 -6.38113 4.34587 -0.97778
VERTEX_SE2 838 -6.39341 4.35386 -0.109757
VERTEX_SE2 839 -6.41996 4.36725 -0.325558
VERTEX_SE2 840 -6.42968 4.37514 -0.884149
VERTEX_SE2 841 -6.42861 4.37347 -1.49689
VERTEX_SE2 842 -6.46118 4.12465 -1.72515
VERTEX_SE2 843 -6.55414 3.5576 -1.72591
VERTEX_SE2 844 -6.64458 2.92892 -1.73204
VERTEX_SE2 845 -6.75266 2.30008 -1.74476
VERTEX_SE2 846 -6.85154 1.66714 -1.74099
VERTEX_SE2 847 -6.97327 1.04108 -1.7655
VERTEX_SE2 848 -7.00575 0.850182 -1.28346
VERTEX_SE2 849 -7.00885 0.851342 -0.358622
VERTEX_SE2 850 -6.65586 0.844454 -0.00396332
VERTEX_SE2 851 -6.0307 0.813476 -0.0956713
VERTEX_SE2 852 -5.40893 0.747981 -0.0805833
VERTEX_SE2 853 -4.81655 0.701742 -0.107828
VERTEX_SE2 854 -4.23214 0.630781 -0.105186
VERTEX_SE2 855 -3.63982 0.57697 -0.106359
VERTEX_SE2 856 -2.98328 0.487626 -0.147656
VERTEX_SE2 857 -2.32793 0.394174 -0.15777
VERTEX_SE2 858 -1.67916 0.267784 -0.212882
VERTEX_SE2 859 -1.15838 0.160044 -0.220288
VERTEX_SE2 860 -1.13398 0.169887 0.629709
VERTEX_SE2 861 -1.11802 0.275541 1.54369
VERTEX_SE2 862 -1.07386 0.932689 1.48346
VERTEX_SE2 863 -1.01043 1.57427 1.4504
VERTEX_SE2 864 -0.917407 2.18154 1.44773
VERTEX_SE2 865 -0.869631 2.7903 1.50476
VERTEX_SE2 866 -0.81833 3.37349 1.50309
VERTEX_SE2 867 -0.808868 3.53408 1.68359
VERTEX_SE2 868 -0.813939 3.54096 2.7063
VERTEX_SE2 869 -0.803539 3.54102 -2.59956
VERTEX_SE2 870 -0.785557 3.55029 -1.60111
VERTEX_SE2 871 -0.768872 3.53884 -0.628478
VERTEX_SE2 872 -0.748099 3.52351 0.055699
VERTEX_SE2 873 -0.718732 3.51322 -0.517874
VERTEX_SE2 874 -0.695095 3.49129 -1.0785
VERTEX_SE2 875 -0.687261 3.47249 -1.66605
VERTEX_SE2 876 -0.819521 2.91385 -1.8243
VERTEX_SE2 877 -0.984375 2.37031 -1.90957
VERTEX_SE2 878 -1.04013 2.16767 -1.52751
VERTEX_SE2 879 -0.952526 1.52083 -1.47708
VERTEX_SE2 880 -0.926952 1.06556 -1.59042
VERTEX_SE2 881 -0.925844 1.11174 -1.58564
VERTEX_SE2 882 -0.998546 0.467821 -1.83293
VERTEX_SE2 883 -1.23102 -0.126743 -2.02437
VERTEX_SE2 884 -1.39975 -0.458318 -2.09195
VERTEX_SE2 885 -1.39932 -0.462422 -1.51137
VERTEX_SE2 886 -1.38074 -0.48049 -0.493971
VERTEX_SE2 887 -1.35176 -0.492537 0.516779
VERTEX_SE2 888 -1.34291 -0.475738 1.50023
VERTEX_SE2 889 -1.34285 -0.475001 2.39743
VERTEX_SE2 890 -1.65234 -0.31352 2.67055
VERTEX_SE2 891 -2.18047 -0.0304786 2.5996
VERTEX_SE2 892 -2.703 0.305205 2.56343
VERTEX_SE2 893 -3.24569 0.618515 2.79889
VERTEX_SE2 894 -3.85537 0.750075 3.01913
VERTEX_SE2 895 -4.458 0.721376 -2.96669
VERTEX_SE2 896 -4.48399 0.712345 -2.49323
VERTEX_SE2 897 -4.7937 0.28837 -2.22466
VERTEX_SE2 898 -5.19279 -0.191464 -2.21537
VERTEX_SE2 899 -5.52398 -0.57251 -2.28965
VERTEX_SE2 900 -5.99447 -1.08388 -2.29753
VERTEX_SE2 901 -6.41677 -1.49899 -2.36781
VERTEX_SE2 902 -6.89022 -1.95723 -2.34783
VERTEX_SE2 903 -7.25481 -2.30773 -2.39778
VERTEX_SE2 904 -7.24701 -2.29036 -1.71443
VERTEX_SE2 905 -7.29219 -2.75951 -1.65483
VERTEX_SE2 906 -7.3236 -3.31195 -1.58523
VERTEX_SE2 907 -7.33235 -3.87253 -1.59033
VERTEX_SE2 908 -7.35069 -4.49362 -1.56567
VERTEX_SE2 909 -7.35419 -5.10741 -1.58394
VERTEX_SE2 910 -7.39465 -5.21108 -1.95455
VERTEX_SE2 911 -7.60174 -5.74227 -1.89428
VERTEX_SE2 912 -7.76928 -6.25749 -1.88302
VERTEX_SE2 913 -7.92634 -6.75061 -1.8765
VERTEX_SE2 914 -8.10172 -7.28777 -1.90173
VERTEX_SE2 915 -8.26669 -7.74506 -1.94015
VERTEX_SE2 916 -8.2354 -7.96826 -1.39663
VERTEX_SE2 917 -8.16899 -8.59939 -1.6539
VERTEX_SE2 918 -8.24243 -9.07556 -1.73164
VERTEX_SE2 919 -8.34034 -9.65468 -1.77715
VERTEX_SE2 920 -8.46714 -10.2192 -1.79692
VERTEX_SE2 921 -8.60336 -10.7829 -1.85272
VERTEX_SE2 922 -8.76662 -11.3306 -1.88234
VERTEX_SE2 923 -8.94273 -11.8382 -1.94845
VERTEX_SE2 924 -9.11909 -12.2577 -1.93318
VERTEX_SE2 925 -9.12962 -12.2064 -1.43135
VERTEX_SE2 926 -9.05011 -12.7407 -1.41665
VERTEX_SE2 927 -8.96796 -13.3042 -1.44157
VERTEX_SE2 928 -8.89703 -13.8811 -1.45219
VERTEX_SE2 929 -8.83294 -14.4538 -1.45486
VERTEX_SE2 930 -8.75977 -15.1053 -1.54481
VERTEX_SE2 931 -8.75265 -15.7285 -1.63288
VERTEX_SE2 932 -8.78922 -16.3351 -1.70031
VERTEX_SE2 933 -8.86827 -16.9088 -1.7734
VERTEX_SE2 934 -8.94937 -17.3416 -1.79118
VERTEX_SE2 935 -8.94998 -17.344 -1.13019
VERTEX_SE2 936 -9.03164 -17.2975 -0.178399
VERTEX_SE2 937 -8.46834 -17.3616 -0.11438
VERTEX_SE2 938 -7.88008 -17.4713 -0.287496
VERTEX_SE2 939 -7.29148 -17.6229 -0.260429
VERTEX_SE2 940 -6.66974 -17.8026 -0.335733
VERTEX_SE2 941 -6.07687 -18.0084 -0.380522
VERTEX_SE2 942 -5.57498 -18.1959 -0.368715
VERTEX_SE2 943 -4.97827 -18.4091 -0.272938
VERTEX_SE2 944 -4.33924 -18.5772 -0.323784
VERTEX_SE2 945 -3.73449 -18.7848 -0.374913
VERTEX_SE2 946 -3.57188 -18.8477 -0.306634
VERTEX_SE2 947 -3.08898 -18.8407 0.0271169
VERTEX_SE2 948 -2.46026 -18.8251 0.0114892
VERTEX_SE2 949 -1.81856 -18.8671 -0.140148
VERTEX_SE2 950 -1.17048 -18.9793 -0.375603
VERTEX_SE2 951 -0.589901 -19.2124 -0.445066
VERTEX_SE2 952 -0.00907336 -19.4468 -0.191188
VERTEX_SE2 953 0.642044 -19.5482 -0.108993
VERTEX_SE2 954 1.28963 -19.6105 -0.114442
VERTEX_SE2 955 1.88926 -19.7198 -0.273701
VERTEX_SE2 956 2.43989 -19.8547 -0.275048
VERTEX_SE2 957 2.96796 -20.0043 -0.36198
VERTEX_SE2 958 3.4307 -20.1642 -0.388303
VERTEX_SE2 959 3.86395 -20.3305 -0.45514
VERTEX_SE2 960 4.44583 -20.5562 -0.37526
VERTEX_SE2 961 5.01867 -20.7924 -0.40257
VERTEX_SE2 962 5.63308 -20.9874 -0.337275
VERTEX_SE2 963 6.25377 -21.1353 -0.150843
VERTEX_SE2 964 6.88325 -21.2447 -0.215228
VERTEX_SE2 965 7.50365 -21.3913 -0.222684
VERTEX_SE2 966 7.95132 -21.4986 -0.281983
VERTEX_SE2 967 7.99874 -21.495 0.570477
VERTEX_SE2 968 8.02184 -21.48 1.46621
VERTEX_SE2 969 8.02404 -21.4981 1.52535
VERTEX_SE2 970 8.02695 -21.5161 1.52333
VERTEX_SE2 971 8.04516 -21.1712 1.5232
VERTEX_SE2 972 8.07257 -20.5715 1.52859
VERTEX_SE2 973 8.21997 -19.9874 1.24326
VERTEX_SE2 974 8.43052 -19.39 1.27487
VERTEX_SE2 975 8.61312 -18.7858 1.2793
VERTEX_SE2 976 8.78916 -18.1782 1.29206
VERTEX_SE2 977 9.00501 -17.5557 1.26555
VERTEX_SE2 978 9.20468 -16.9381 1.31162
VERTEX_SE2 979 9.39722 -16.3234 1.29974
VERTEX_SE2 980 9.57086 -15.7102 1.34732
VERTEX_SE2 981 9.73313 -15.1057 1.35502
VERTEX_SE2 982 9.85356 -14.5631 1.40087
VERTEX_SE2 983 9.97281 -13.9553 1.39829
VERTEX_SE2 984 10.068 -13.3486 1.45668
VERTEX_SE2 985 10.1457 -12.74 1.47806
VERTEX_SE2 986 10.1986 -12.1066 1.51566
VERTEX_SE2 987 10.2527 -11.4746 1.48038
VERTEX_SE2 988 10.3216 -10.8435 1.49557
VERTEX_SE2 989 10.372 -10.2179 1.50454
VERTEX_SE2 990 10.4291 -9.59543 1.4953
VERTEX_SE2 991 10.4769 -8.96915 1.52186
VERTEX_SE2 992 10.5312 -8.37058 1.49125
VERTEX_SE2 993 10.5782 -7.74236 1.52611
VERTEX_SE2 994 10.6181 -7.14464 1.51839
VERTEX_SE2 995 10.6497 -6.48119 1.5679
VERTEX_SE2 996 10.6497 -5.80239 1.59753
VERTEX_SE2 997 10.6674 -5.08504 1.53619
VERTEX_SE2 998 10.6881 -4.6102 1.56116
VERTEX_SE2 999 10.7093 -4.62729 2.28797
VERTEX_SE2 1000 10.2703 -4.22931 2.44101
VERTEX_SE2 1001 9.85158 -3.79025 2.12644
VERTEX_SE2 1002 9.5003 -3.27529 2.22387
VERTEX_SE2 1003 9.16424 -2.7323 2.05034
VERTEX_SE2 1004 8.84945 -2.18253 2.10992
VERTEX_SE2 1005 8.51686 -1.67378 2.17366
VERTEX_SE2 1006 8.14 -1.17871 2.25235
VERTEX_SE2 1007 7.74252 -0.734212 2.34534
VERTEX_SE2 1008 7.51247 -0.507289 2.50643
VERTEX_SE2 1009 7.42098 -0.490457 2.98608
VERTEX_SE2 1010 6.87433 -0.420167 3.04328
VERTEX_SE2 1011 6.27344 -0.365649 3.0042
VERTEX_SE2 1012 5.67772 -0.291678 3.05016
VERTEX_SE2 1013 5.05149 -0.282268 -3.11341
VERTEX_SE2 1014 4.44912 -0.226276 2.99974
VERTEX_SE2 1015 3.83424 -0.18189 3.08866
VERTEX_SE2 1016 3.07456 -0.141318 3.09923
VERTEX_SE2 1017 2.49543 -0.127606 3.04584
VERTEX_SE2 1018 1.94403 -0.0680134 3.05654
VERTEX_SE2 1019 1.35559 -0.0474322 3.11985
VERTEX_SE2 1020 0.74674 -0.0179083 3.10935
VERTEX_SE2 1021 0.131975 0.00262193 3.07238
VERTEX_SE2 1022 0.0851367 0.00559846 3.06855
VERTEX_SE2 1023 0.0987158 0.00550045 -3.1241
VERTEX_SE2 1024 -0.521343 -0.00265404 -3.09425
VERTEX_SE2 1025 -1.1425 -0.0503434 -3.07324
VERTEX_SE2 1026 -1.29675 -0.0605735 -3.0627
VERTEX_SE2 1027 -1.27588 -0.0512196 -2.134
VERTEX_SE2 1028 -1.27832 -0.220951 -1.56241
VERTEX_SE2 1029 -1.27306 -0.791107 -1.5805
VERTEX_SE2 1030 -1.30711 -1.45928 -1.66613
VERTEX_SE2 1031 -1.39693 -2.15405 -1.72523
VERTEX_SE2 1032 -1.51052 -2.84921 -1.72572
VERTEX_SE2 1033 -1.64224 -3.54305 -1.77573
VERTEX_SE2 1034 -1.69869 -3.75825 -1.99605
VERTEX_SE2 1035 -1.73748 -3.78647 -2.62694
VERTEX_SE2 1036 -1.7091 -3.80923 3.07471
VERTEX_SE2 1037 -2.05743 -3.69272 2.82949
VERTEX_SE2 1038 -2.68408 -3.58069 2.91518
VERTEX_SE2 1039 -3.33586 -3.41937 2.87866
VERTEX_SE2 1040 -3.32771 -3.42568 -2.78684
VERTEX_SE2 1041 -3.31342 -3.43685 -1.7884
VERTEX_SE2 1042 -3.34636 -3.51198 -0.818551
VERTEX_SE2 1043 -3.3218 -3.57271 0.133519
VERTEX_SE2 1044 -3.38293 -3.60885 1.10909
VERTEX_SE2 1045 -3.13929 -3.61581 1.01445
VERTEX_SE2 1046 -2.93979 -3.60117 0.660608
VERTEX_SE2 1047 -2.73747 -3.55359 0.14522
VERTEX_SE2 1048 -2.14163 -3.64967 -0.138985
VERTEX_SE2 1049 -1.26235 -3.76147 -0.104566
VERTEX_SE2 1050 -0.382714 -3.83654 -0.00961561
VERTEX_SE2 1051 0.00801462 -3.84758 -0.110786
VERTEX_SE2 1052 0.366306 -3.87313 -0.0785932
VERTEX_SE2 1053 0.510234 -3.88528 -0.151153
VERTEX_SE2 1054 0.247828 -3.86122 0.556537
VERTEX_SE2 1055 0.0110393 -3.98833 1.55817
VERTEX_SE2 1056 -0.301722 -4.13359 2.51602
VERTEX_SE2 1057 -0.372462 -4.09974 -2.71227
VERTEX_SE2 1058 -0.467991 -4.27788 -1.73044
VERTEX_SE2 1059 -0.562576 -5.04168 -1.79268
VERTEX_SE2 1060 -0.699158 -5.85722 -1.7713
VERTEX_SE2 1061 -0.802353 -6.49039 -1.87349
VERTEX_SE2 1062 -0.769136 -6.46851 -2.43465
VERTEX_SE2 1063 -0.745759 -6.45745 -3.02921
VERTEX_SE2 1064 -1.08312 -6.39069 2.99097
VERTEX_SE2 1065 -1.72463 -6.32515 3.11505
VERTEX_SE2 1066 -2.34004 -6.27705 3.06108
VERTEX_SE2 1067 -2.36614 -6.27267 -2.78534
VERTEX_SE2 1068 -2.34575 -6.26054 -2.10704
VERTEX_SE2 1069 -2.31858 -6.20655 -1.93409
VERTEX_SE2 1070 -2.29097 -6.16568 -2.46876
VERTEX_SE2 1071 -2.75145 -6.44632 -2.59341
VERTEX_SE2 1072 -3.19223 -6.70434 -2.65954
VERTEX_SE2 1073 -3.20635 -6.70206 3.11772
VERTEX_SE2 1074 -3.79388 -6.65423 3.08605
VERTEX_SE2 1075 -4.42888 -6.60667 3.10551
VERTEX_SE2 1076 -4.56207 -6.60668 -2.78858
VERTEX_SE2 1077 -4.54318 -6.52958 -2.00667
VERTEX_SE2 1078 -4.75563 -7.02094 -1.96941
VERTEX_SE2 1079 -4.96921 -7.46903 -1.91482
VERTEX_SE2 1080 -4.96766 -7.34784 -2.41598
VERTEX_SE2 1081 -5.40029 -7.60833 -2.54658
VERTEX_SE2 1082 -5.57088 -7.69192 -2.27506
VERTEX_SE2 1083 -5.6539 -7.54125 -1.26086
VERTEX_SE2 1084 -5.75377 -7.5339 -0.310643
VERTEX_SE2 1085 -5.80125 -7.56952 0.727604
VERTEX_SE2 1086 -5.48669 -7.26182 0.980181
VERTEX_SE2 1087 -5.17257 -6.92379 0.983672
VERTEX_SE2 1088 -4.88807 -6.57993 0.983141
VERTEX_SE2 1089 -4.82789 -6.52936 0.889198
VERTEX_SE2 1090 -4.81238 -6.5376 0.2773
VERTEX_SE2 1091 -4.25608 -6.46344 0.10231
VERTEX_SE2 1092 -3.61586 -6.39965 0.0886881
VERTEX_SE2 1093 -3.02376 -6.35652 0.0253878
VERTEX_SE2 1094 -3.06063 -6.36715 -0.38003
VERTEX_SE2 1095 -3.07974 -6.39877 -0.971735
VERTEX_SE2 1096 -3.15743 -6.36899 -1.54508
VERTEX_SE2 1097 -3.28184 -6.64244 -1.76179
VERTEX_SE2 1098 -3.48726 -7.19682 -1.81957
VERTEX_SE2 1099 -3.66473 -7.72811 -1.92112
VERTEX_SE2 1100 -3.67101 -7.69656 -1.56643
VERTEX_SE2 1101 -3.61564 -7.90379 -1.30775
VERTEX_SE2 1102 -3.62233 -7.85977 -1.71029
VERTEX_SE2 1103 -3.73339 -8.42599 -1.74882
VERTEX_SE2 1104 -3.85662 -9.01846 -1.7811
VERTEX_SE2 1105 -3.99902 -9.59748 -1.80339
VERTEX_SE2 1106 -4.11604 -10.0303 -1.833
VERTEX_SE2 1107 -4.12455 -9.9838 -1.5834
VERTEX_SE2 1108 -4.09697 -10.5577 -1.57969
VERTEX_SE2 1109 -4.15193 -11.1518 -1.68853
VERTEX_SE2 1110 -4.23038 -11.7101 -1.74238
VERTEX_SE2 1111 -4.40099 -12.1943 -1.84831
VERTEX_SE2 1112 -4.44504 -12.7225 -1.50865
VERTEX_SE2 1113 -4.42817 -13.3095 -1.60846
VERTEX_SE2 1114 -4.45435 -13.8743 -1.59515
VERTEX_SE2 1115 -4.46972 -14.4056 -1.61501
VERTEX_SE2 1116 -4.48049 -15.0021 -1.58248
VERTEX_SE2 1117 -4.48468 -15.0465 -1.71468
VERTEX_SE2 1118 -4.47478 -15.0085 -2.3309
VERTEX_SE2 1119 -4.4652 -14.9851 -2.7696
VERTEX_SE2 1120 -5.05048 -15.1458 -2.83687
VERTEX_SE2 1121 -5.25464 -15.1883 -2.95935
VERTEX_SE2 1122 -5.28362 -15.1624 2.76606
VERTEX_SE2 1123 -5.85422 -14.9114 2.77998
VERTEX_SE2 1124 -6.43449 -14.718 2.87541
VERTEX_SE2 1125 -7.08181 -14.5216 2.88627
VERTEX_SE2 1126 -7.19109 -14.4807 -3.06169
VERTEX_SE2 1127 -7.21704 -14.4373 -2.0152
VERTEX_SE2 1128 -7.20929 -14.3875 -1.03785
VERTEX_SE2 1129 -7.22856 -14.362 -0.0324446
VERTEX_SE2 1130 -6.65755 -14.3466 -0.0213363
VERTEX_SE2 1131 -5.93272 -14.5343 -0.458598
VERTEX_SE2 1132 -5.38561 -14.792 -0.481076
VERTEX_SE2 1133 -4.90462 -15.0519 -0.522732
VERTEX_SE2 1134 -4.70185 -15.1559 -0.62305
VERTEX_SE2 1135 -4.72258 -15.1185 -1.18576
VERTEX_SE2 1136 -4.71257 -15.0853 -1.75441
VERTEX_SE2 1137 -4.80274 -15.3332 -1.94216
VERTEX_SE2 1138 -5.04317 -15.8955 -1.96102
VERTEX_SE2 1139 -5.24056 -16.4012 -2.03338
VERTEX_SE2 1140 -5.23658 -16.4085 -2.51096
VERTEX_SE2 1141 -5.22602 -16.4073 -3.0569
VERTEX_SE2 1142 -5.5703 -16.3122 2.86309
VERTEX_SE2 1143 -6.14776 -16.1799 2.95317
VERTEX_SE2 1144 -6.71063 -16.0625 2.92309
VERTEX_SE2 1145 -7.26882 -15.9347 2.89807
VERTEX_SE2 1146 -7.82232 -15.7961 2.91815
VERTEX_SE2 1147 -8.3889 -15.7032 2.99111
VERTEX_SE2 1148 -8.97306 -15.6205 2.98265
VERTEX_SE2 1149 -9.02286 -15.614 -2.84306
VERTEX_SE2 1150 -9.10402 -15.6855 -1.93487
VERTEX_SE2 1151 -9.09453 -15.7329 -0.932766
VERTEX_SE2 1152 -9.04834 -15.7406 0.118423
VERTEX_SE2 1153 -9.01808 -15.7358 1.12954
VERTEX_SE2 1154 -9.03227 -15.449 1.6753
VERTEX_SE2 1155 -9.08356 -14.8479 1.62608
VERTEX_SE2 1156 -9.10305 -14.2686 1.6363
VERTEX_SE2 1157 -9.15432 -13.7214 1.7477
VERTEX_SE2 1158 -9.20165 -13.1433 1.61953
VERTEX_SE2 1159 -9.18396 -12.5829 1.52684
VERTEX_SE2 1160 -9.12739 -11.9856 1.39186
VERTEX_SE2 1161 -8.95527 -11.3936 1.30417
VERTEX_SE2 1162 -8.7925 -10.8013 1.36446
VERTEX_SE2 1163 -8.65788 -10.1986 1.36132
VERTEX_SE2 1164 -8.53911 -9.59839 1.4497
VERTEX_SE2 1165 -8.47499 -9.04001 1.42569
VERTEX_SE2 1166 -8.48096 -9.01717 1.91214
VERTEX_SE2 1167 -8.42163 -9.00988 2.84488
VERTEX_SE2 1168 -8.36634 -8.9948 -2.53865
VERTEX_SE2 1169 -8.37485 -9.02355 -1.72037
VERTEX_SE2 1170 -8.45255 -9.58395 -1.71485
VERTEX_SE2 1171 -8.52658 -10.194 -1.68436
VERTEX_SE2 1172 -8.60144 -10.7676 -1.74815
VERTEX_SE2 1173 -8.70451 -11.3624 -1.74027
VERTEX_SE2 1174 -8.82224 -11.9604 -1.81038
VERTEX_SE2 1175 -8.97932 -12.5381 -1.8451
VERTEX_SE2 1176 -9.143 -13.0782 -1.89359
VERTEX_SE2 1177 -9.32769 -13.6038 -1.89599
VERTEX_SE2 1178 -9.52576 -14.1315 -1.94793
VERTEX_SE2 1179 -9.73104 -14.6498 -1.92315
VERTEX_SE2 1180 -9.80656 -14.8308 -1.93443
VERTEX_SE2 1181 -9.79283 -14.7614 -1.12074
VERTEX_SE2 1182 -9.76338 -14.7742 -0.421238
VERTEX_SE2 1183 -9.20487 -15.0138 -0.400631
VERTEX_SE2 1184 -8.61987 -15.2277 -0.336424
VERTEX_SE2 1185 -8.04004 -15.4396 -0.373789
VERTEX_SE2 1186 -7.45387 -15.6406 -0.313328
VERTEX_SE2 1187 -6.84424 -15.8403 -0.355981
VERTEX_SE2 1188 -6.26361 -16.0423 -0.343494
VERTEX_SE2 1189 -6.33868 -15.9935 -0.375983
VERTEX_SE2 1190 -6.7313 -15.8174 -0.418672
VERTEX_SE2 1191 -7.42413 -15.7194 0.330434
VERTEX_SE2 1192 -7.19574 -15.6944 0.999925
VERTEX_SE2 1193 -6.84371 -15.2005 0.82259
VERTEX_SE2 1194 -6.4784 -14.8339 0.831529
VERTEX_SE2 1195 -6.02683 -14.4498 0.854951
VERTEX_SE2 1196 -5.47847 -14.0804 0.651821
VERTEX_SE2 1197 -4.88529 -13.896 0.645829
VERTEX_SE2 1198 -4.12701 -13.6883 0.885389
VERTEX_SE2 1199 -5.06017 -13.2217 0.749305
VERTEX_SE2 1200 -4.81074 -12.827 0.880961
VERTEX_SE2 1201 -4.70429 -12.2784 1.00039
VERTEX_SE2 1202 -4.74562 -11.5654 1.08562
VERTEX_SE2 1203 -4.98526 -10.7565 1.07023
VERTEX_SE2 1204 -5.32605 -9.92291 1.01287
VERTEX_SE2 1205 -5.69721 -9.03113 1.12027
VERTEX_SE2 1206 -6.0654 -8.05539 1.27054
VERTEX_SE2 1207 -6.28789 -7.06795 1.28575
VERTEX_SE2 1208 -6.3476 -6.08411 1.45409
VERTEX_SE2 1209 -5.96663 -6.97711 1.47308
VERTEX_SE2 1210 -6.05694 -5.54144 1.52148
VERTEX_SE2 1211 -6.16679 -4.82967 1.47381
VERTEX_SE2 1212 -6.33048 -3.83201 1.53667
VERTEX_SE2 1213 -6.69498 -2.34069 1.61714
VERTEX_SE2 1214 -7.15579 -0.694424 1.3944
VERTEX_SE2 1215 -7.22407 -0.0208597 1.4392
VERTEX_SE2 1216 -7.54689 1.31855 1.6335
VERTEX_SE2 1217 -7.89459 2.65955 1.59688
VERTEX_SE2 1218 -7.89835 3.39385 1.54621
VERTEX_SE2 1219 32.1055 -15.8811 1.57681
VERTEX_SE2 1220 31.0623 -15.101 1.66755
VERTEX_SE2 1221 31.0663 -15.1024 1.2148
VERTEX_SE2 1222 31.062 -15.0719 0.617489
VERTEX_SE2 1223 31.0724 -15.047 0.0578619
VERTEX_SE2 1224 31.9881 -14.1388 -0.125046
VERTEX_SE2 1225 32.9959 -13.184 -0.111282
VERTEX_SE2 1226 33.1663 -13.0204 -0.128013
VERTEX_SE2 1227 33.1663 -13.0204 -0.128675
